20
5935192
17340
5562737
28395
9792372
20791
8324452
8782
8090124
9895
3162178
14476
771822
1127
243283
26907
8503613
28380
6690400
13630
6723085
22086
9451520
28570
3889981
7859
7831512
31715
1676383
2387
2369159
17849
1711314
14240
2973173
6672
744298
22030
4539289
4276
5782264
16199
301716
7116
9323543
27166
5734154
12652
8200874
959
5123012
26506
3872715
1216
3902449
21763
971409
11045
9545633
10853
5159639
23666
5530459
19387
5559692
23139
8734370
20634
2021395
14816
8858672
16912
1775409
32578
1556481
17994
2376967
29711
6761994
14355
4769555
2478
9996762
31856
2393930
14791
5175186
21256
1032117
8264
1814263
28192
3876158
21573
2110605
25923
4130301
7217
5573339
8705
6363849
20198
4675754
13907
6727085
6066
2112530
9354
4685850
3481
3340364
24628
1059963
18457
6681868
19793
8506305
10480
2449236
16492
1505719
6581
6132635
11352
3441229
1850
8323499
22464
6974353
17988
8844475
8561
7972580
17801
1866012
27566
490029
7929
399181
26098
2661788
20140
8776128
27099
6839806
8218
7293849
19270
4392280
21095
8191308
9404
7088628
6877
2098054
8377
6662613
6388
8123592
21891
6179396
4478
2856808
19584
3750452
28351
3485170
3916
7194150
8612
8992505
25607
5650361
9308
6492467
3976
6652868
6389
8419755
20350
9444741
24268
6601120
6057
6395264
4087
6952461
17573
8225345
13297
1418499
15374
1110598
10025
4353661
9431
1039003
20301
5303995
21552
